12128	11294	16
-16.192493438720703	3.873987913131714	-5.637506008148193	0.5840680003166199	0.07612700015306473	1.0	2	0.0	0	0.0	0	-0.045806702226400375	0.9963460564613342	0.07208527624607086	-0.1868211328983307	-0.0794321745634079	0.9791774153709412	0.9813255071640015	0.031385842710733414	0.18977704644203186
-16.38925552368164	3.751410961151123	-6.488890171051025	0.5654810070991516	0.0680759996175766	1.0	2	0.0	0	0.0	0	-0.03564867377281189	0.9863969683647156	-0.16046848893165588	-0.1828012764453888	0.1514252871274948	0.971418559551239	0.9825034141540527	0.0639636367559433	0.17491653561592102
-16.568744659423828	3.8592119216918945	-5.615931987762451	0.5864130258560181	0.06776700168848038	1.0	2	0.0	0	0.0	0	0.010598746128380299	0.999925434589386	-0.006066041067242622	-0.1718810498714447	0.007797887548804283	0.9850868582725525	0.9850607514381409	-0.009398048743605614	0.17195087671279907
-13.010466575622559	3.1337220668792725	-0.9517560005187988	0.6799060106277466	0.16693000495433807	1.0	2	0.0	0	0.0	0	0.2373451441526413	0.9233351945877075	0.3018600642681122	-0.13503287732601166	-0.27636367082595825	0.9515194892883301	0.9619945883750916	-0.26659953594207764	0.059087030589580536
-14.285155296325684	3.7493441104888916	-2.2374730110168457	0.6530290246009827	0.1317639946937561	1.0	2	0.0	0	0.0	0	0.21225792169570923	0.9718648791313171	0.10210483521223068	-0.1423405259847641	-0.07262315601110458	0.9871500134468079	0.9667915105819702	-0.22406403720378876	0.12292090058326721
-14.665617942810059	3.829061985015869	-2.1041040420532227	0.6570730209350586	0.1233379989862442	1.0	2	0.0	0	0.0	0	0.19045735895633698	0.9789512753486633	0.07335174083709717	-0.12436742335557938	-0.05005650967359543	0.9909728169441223	0.9737858176231384	-0.19786062836647034	0.11221601814031601
-17.239166259765625	3.830471992492676	-2.4647269248962402	0.6562179923057556	0.06515000015497208	1.0	2	0.0	0	0.0	0	0.07736120373010635	0.9964845180511475	-0.03215217590332031	-0.12495972961187363	0.04168557748198509	0.9912858009338379	0.9891412258148193	-0.07266933470964432	0.12774528563022614
-17.346370697021484	3.787806987762451	-1.98601496219635	0.6673790216445923	0.06381800025701523	1.0	2	0.0	0	0.0	0	-0.07946155220270157	0.9812734723091125	0.17546574771404266	-0.09743726253509521	-0.1828252077102661	0.9783051013946533	0.9920644164085388	0.06064074486494064	0.11014017462730408
-16.9039306640625	3.8451480865478516	-2.2923591136932373	0.6592429876327515	0.07302500307559967	1.0	2	0.0	0	0.0	0	0.0008058418752625585	0.9924789071083069	-0.12241381406784058	-0.10878779739141464	0.12177430838346481	0.9865779876708984	0.9940646290779114	0.012522101402282715	0.10806771367788315
-17.831298828125	1.5969209671020508	-3.994472026824951	0.5452309846878052	0.5826640129089355	1.0	2	0.0	0	0.0	0	-0.9945610761642456	0.012688016518950462	0.10337919741868973	0.013486280106008053	0.9998843669891357	0.007026343140751123	-0.10327809303998947	0.008382327854633331	-0.994617223739624
-18.28649139404297	2.5884199142456055	-1.764341950416565	0.5676959753036499	0.531715989112854	1.0	2	0.0	0	0.0	0	-0.7891839742660522	-0.3989851772785187	-0.46690425276756287	-0.355821430683136	0.9166795015335083	-0.18190650641918182	0.5005794763565063	0.022576838731765747	-0.8653961420059204
-18.185340881347656	2.817389965057373	-2.2863070964813232	0.5729719996452332	0.5431900024414062	1.0	2	0.0	0	0.0	0	-0.7984799146652222	-0.5341289639472961	-0.27773377299308777	-0.49154147505760193	0.8447837829589844	-0.21148838102817535	0.34758704900741577	-0.032351553440093994	-0.9370894432067871
-17.818044662475586	-0.37505999207496643	-4.054143905639648	0.49984100461006165	0.5843070149421692	1.0	2	0.0	0	0.0	0	-0.9780266880989075	0.006088549271225929	-0.2083912044763565	0.0065973070450127125	0.9999766945838928	-0.001746404217556119	0.20837567746639252	-0.003082850482314825	-0.9780439734458923
-17.823345184326172	-0.9737120270729065	-4.050214767456055	0.48596400022506714	0.5841879844665527	1.0	2	0.0	0	0.0	0	-0.9894502758979797	0.14485478401184082	-0.0022840462625026703	0.1448724865913391	0.9893578886985779	-0.013523848727345467	0.00030074501410126686	-0.013712070882320404	-0.9999059438705444
-18.411571502685547	-0.5239369869232178	-1.2633650302886963	0.49580100178718567	0.518110990524292	1.0	2	0.0	0	0.0	0	-0.7487092614173889	0.04668433964252472	-0.6612526178359985	0.04685428366065025	0.9987491965293884	0.017460361123085022	0.6612405776977539	-0.017909782007336617	-0.7499600648880005
-12.811606407165527	0.1644899994134903	-0.9897869825363159	0.5016559958457947	0.6861050128936768	1.0	2	0.0	0	0.0	0	0.9995241165161133	0.0011504021240398288	0.030827751383185387	0.002222550567239523	-0.9993929862976074	-0.034767020493745804	0.030769038945436478	0.03481898829340935	-0.9989198446273804
-12.827205657958984	0.1646070033311844	-0.543166995048523	0.501317024230957	0.675786018371582	1.0	2	0.0	0	0.0	0	0.9370023012161255	0.0015109078958630562	-0.34931981563568115	-0.009103052318096161	-0.9995455145835876	-0.028741005808115005	-0.3492044508457184	0.03011026419699192	-0.9365626573562622
-12.822356224060059	-0.4055579900741577	-0.5703949928283691	0.5145999789237976	0.6760579943656921	1.0	2	0.0	0	0.0	0	0.9380576610565186	0.030593913048505783	-0.3451259732246399	0.022356344386935234	-0.9993628263473511	-0.02782427705824375	-0.34575730562210083	0.0183850210160017	-0.9381439089775085
-12.800694465637207	-1.923367977142334	-0.6613770127296448	0.5487959980964661	0.6793349981307983	1.0	2	0.0	0	0.0	0	0.8214582800865173	0.4499881863594055	-0.35030999779701233	0.4497759938240051	-0.8888834118843079	-0.08710801601409912	-0.3505823016166687	-0.08600543439388275	-0.9325745105743408
-12.558183670043945	-2.4679229259490967	-1.8519090414047241	0.5620689988136292	0.703220009803772	1.0	2	0.0	0	0.0	0	0.8511592745780945	0.5241061449050903	0.028994876891374588	0.5249021053314209	-0.84959876537323	-0.05157281830906868	-0.00239562033675611	0.059116147458553314	-0.9982482194900513
-12.594690322875977	-1.5907479524612427	-2.0103039741516113	0.5419970154762268	0.7078970074653625	1.0	2	0.0	0	0.0	0	0.979030966758728	0.08534238487482071	0.18497294187545776	0.09128180146217346	-0.995540201663971	-0.023819465190172195	0.18211518228054047	0.04020465910434723	-0.9824548959732056
-12.198683738708496	-1.685349941253662	-3.8733599185943604	0.5459470152854919	0.7519580125808716	1.0	2	0.0	0	0.0	0	0.9708057045936584	0.0941387265920639	0.22062261402606964	0.0948091447353363	-0.9954667091369629	0.007572690024971962	0.22033534944057465	0.013565431348979473	-0.9753299355506897
-12.109562873840332	-2.5315120220184326	-3.936163902282715	0.5656610131263733	0.7538310289382935	1.0	2	0.0	0	0.0	0	0.7845081686973572	0.5580243468284607	0.27047356963157654	0.530909538269043	-0.829779863357544	0.1720481961965561	0.3204405605792999	0.008623779751360416	-0.9472293853759766
-11.845450401306152	-2.075721025466919	-5.137013912200928	0.5554249882698059	0.7802870273590088	1.0	2	0.0	0	0.0	0	0.6041423678398132	0.6151001453399658	0.5066200494766235	0.5492417216300964	-0.7820406556129456	0.2945268452167511	0.5773609280586243	0.1003207266330719	-0.8103025555610657
-12.381115913391113	-2.493021011352539	-2.674551010131836	0.5645819902420044	0.723351001739502	1.0	2	0.0	0	0.0	0	0.8507620692253113	0.49685773253440857	0.17127861082553864	0.4994473159313202	-0.8657981157302856	0.030754754319787025	0.16357344388961792	0.059379663318395615	-0.9847424626350403
-12.021663665771484	0.16120600700378418	-4.706171989440918	0.5042790174484253	0.7729830145835876	1.0	2	0.0	0	0.0	0	0.9616774320602417	0.00547311594709754	0.2741290032863617	0.015674808993935585	-0.9992630481719971	-0.03503834456205368	0.2737351953983307	0.03799250349402428	-0.9610545039176941
-11.66960620880127	0.16130800545215607	-5.954668045043945	0.5052520036697388	0.8032969832420349	1.0	2	0.0	0	0.0	0	0.7375348210334778	0.06859171390533447	0.6718166470527649	0.06871438771486282	-0.997287392616272	0.026385745033621788	0.6718041300773621	0.026703063398599625	-0.7402474284172058
-11.663250923156738	0.7759050130844116	-5.99193811416626	0.4908539950847626	0.804377019405365	1.0	2	0.0	0	0.0	0	0.7212388515472412	-0.029806973412632942	0.6920448541641235	-0.014072539284825325	-0.9994980692863464	-0.028383055701851845	0.6925435066223145	0.010732133872807026	-0.7212962508201599
-12.063145637512207	2.157818078994751	-4.5110039710998535	0.45816299319267273	0.769798994064331	1.0	2	0.0	0	0.0	0	0.9636883735656738	-0.10998687893152237	0.2433261275291443	-0.09632768481969833	-0.9930667281150818	-0.06737639009952545	0.2490495890378952	0.04149080067873001	-0.9676016569137573
-11.8272123336792	2.452481985092163	-5.242959022521973	0.4519590139389038	0.787431001663208	1.0	2	0.0	0	0.0	0	0.6199336647987366	-0.6527122259140015	0.4354870319366455	-0.5272602438926697	-0.7575528025627136	-0.3848510682582855	0.5811014771461487	0.008967132307589054	-0.8137817978858948
-11.950531959533691	2.582305908203125	-4.731266975402832	0.44824400544166565	0.7758229970932007	1.0	2	0.0	0	0.0	0	0.7572358846664429	-0.5775796175003052	0.30495190620422363	-0.5204567909240723	-0.8156862258911133	-0.2525484561920166	0.3946118950843811	0.0325244665145874	-0.9182721376419067
-11.751138687133789	2.2089850902557373	-5.592037200927734	0.45770901441574097	0.7951509952545166	1.0	2	0.0	0	0.0	0	0.628095805644989	-0.4831932485103607	0.6099344491958618	-0.36065474152565	-0.8753349184989929	-0.3220512568950653	0.6895098686218262	-0.01769670657813549	-0.72406005859375
-12.822794914245605	0.7346670031547546	-0.5679839849472046	0.4880029857158661	0.6768680214881897	1.0	2	0.0	0	0.0	0	0.9369750618934631	-0.023637784644961357	-0.3485957086086273	-0.04057881608605385	-0.9983193278312683	-0.041375383734703064	-0.3470318019390106	0.052913304418325424	-0.9363595247268677
-11.696516990661621	-0.45987701416015625	-5.829051971435547	0.5198730230331421	0.7997769713401794	1.0	2	0.0	0	0.0	0	0.7423649430274963	0.11920859664678574	0.6593054533004761	0.12563955783843994	-0.991356372833252	0.037778839468955994	0.6581102013587952	0.054789163172245026	-0.750925600528717
-12.753734588623047	2.015028953552246	-1.2620489597320557	0.4602360129356384	0.6944519877433777	1.0	2	0.0	0	0.0	0	0.9862151741981506	-0.12339241802692413	0.11024556308984756	-0.12087885290384293	-0.9922369718551636	-0.029225345700979233	0.11299590766429901	0.015496122650802135	-0.9934746623039246
-12.756331443786621	2.2111430168151855	-0.9199609756469727	0.4557340145111084	0.6874840259552002	1.0	2	0.0	0	0.0	0	0.758370041847229	-0.5592717528343201	-0.3347984254360199	-0.5476393103599548	-0.8252453804016113	0.13806287944316864	-0.35350552201271057	0.07864602655172348	-0.9321205615997314
-12.79732608795166	1.8951489925384521	-0.6888610124588013	0.4619249999523163	0.6821449995040894	1.0	2	0.0	0	0.0	0	0.8290345668792725	-0.33544400334358215	-0.4474138915538788	-0.35860031843185425	-0.932837963104248	0.03491813689470291	-0.42907771468162537	0.131494402885437	-0.893645167350769
-12.697334289550781	2.4286680221557617	-1.2734819650650024	0.45120498538017273	0.6946489810943604	1.0	2	0.0	0	0.0	0	0.7858279943466187	-0.598588228225708	-0.15545634925365448	-0.5945250988006592	-0.8004112839698792	0.0766918808221817	-0.17033585906028748	0.0321560762822628	-0.9848612546920776
-18.574020385742188	3.100748062133789	-5.847714900970459	0.5874500274658203	0.017517000436782837	1.0	2	0.0	0	0.0	0	-0.540145993232727	0.8169918060302734	-0.2019076645374298	-0.19108766317367554	0.11458718776702881	0.9748616218566895	0.8195899724960327	0.5651496648788452	0.09422324597835541
-18.123844146728516	3.564631938934326	-5.567730903625488	0.5928750038146973	0.03264300152659416	1.0	2	0.0	0	0.0	0	-0.40590131282806396	0.9101014733314514	-0.08342301845550537	-0.20127490162849426	1.9776874978560954e-05	0.9795348048210144	0.8914777636528015	0.4143854081630707	0.1831725537776947
-17.891544342041016	3.6524150371551514	-5.715134143829346	0.5885379910469055	0.03738199919462204	1.0	2	0.0	0	0.0	0	-0.35302913188934326	0.9333648681640625	-0.06481089442968369	-0.20238007605075836	-0.008548317477107048	0.979269802570343	0.9134619832038879	0.3588271737098694	0.19191224873065948
-19.158157348632812	3.0965731143951416	-3.1014819145202637	0.6494529843330383	0.015184000134468079	1.0	2	0.0	0	0.0	0	-0.5744973421096802	0.8181265592575073	-0.024937458336353302	-0.14896748960018158	-0.0745512992143631	0.9860277771949768	0.8048363924026489	0.5701851844787598	0.16470377147197723
-18.48348617553711	3.6435859203338623	-2.9379830360412598	0.6498280167579651	0.0348379984498024	1.0	2	0.0	0	0.0	0	-0.3971421420574188	0.9146094918251038	-0.07594595104455948	-0.16687928140163422	0.009405963122844696	0.9859324097633362	0.9024574756622314	0.4042291045188904	0.14889387786388397
-18.63591957092285	3.550034999847412	-3.169919967651367	0.6452980041503906	0.030236000195145607	1.0	2	0.0	0	0.0	0	-0.4791196882724762	0.8763527274131775	-0.049500178545713425	-0.1607985645532608	-0.032192181795835495	0.9864621162414551	0.8628952503204346	0.4805929660797119	0.15634016692638397
-17.832111358642578	-1.2648249864578247	-3.9947509765625	0.47925999760627747	0.5829219818115234	1.0	2	0.0	0	0.0	0	-0.9920071363449097	-0.006562091875821352	0.12601126730442047	-0.009357023052871227	0.9997228980064392	-0.021600956097245216	-0.1258345991373062	-0.022607391700148582	-0.9917936325073242
-17.81826400756836	-1.5559049844741821	-4.04915189743042	0.47249698638916016	0.5844150185585022	1.0	2	0.0	0	0.0	0	-0.9871692061424255	-0.15962769091129303	0.003992423415184021	-0.15967704355716705	0.9869235754013062	-0.02202579937875271	-0.00042428914457559586	-0.022380689159035683	-0.9997494220733643
-18.182010650634766	-2.628387928009033	-2.2906479835510254	0.4475120007991791	0.5437489748001099	1.0	2	0.0	0	0.0	0	-0.7887570261955261	0.540005624294281	-0.29369428753852844	0.503710925579071	0.841642439365387	0.19471347332000732	0.3523319363594055	0.005644604563713074	-0.9358581304550171
-17.9892578125	-1.051609992980957	-4.867969989776611	0.5585020184516907	0.2637709975242615	1.0	2	0.0	0	0.0	0	-0.8148581981658936	0.25057896971702576	-0.5227010250091553	0.21495051681995392	0.9680690169334412	0.12899072468280792	0.538332998752594	-0.007245704531669617	-0.8427010774612427
-18.06161117553711	-1.2726860046386719	-4.515926837921143	0.5535820126533508	0.2556149959564209	1.0	2	0.0	0	0.0	0	-0.9781543612480164	-0.00969616323709488	-0.20765367150306702	-0.010674555785953999	0.9999365210533142	0.0035916343331336975	0.20760568976402283	0.00572978425770998	-0.97819584608078
-18.022315979003906	-0.9748380184173584	-4.715493202209473	0.5603449940681458	0.26028698682785034	1.0	2	0.0	0	0.0	0	-0.8797769546508789	0.39210206270217896	-0.26879075169563293	0.3644280433654785	0.9193468689918518	0.14830271899700165	0.3052617311477661	0.032518427819013596	-0.9517131447792053
-17.976287841796875	-1.2819219827651978	-4.918344020843506	0.5532780289649963	0.2649799883365631	1.0	2	0.0	0	0.0	0	-0.796274721622467	-0.011239633895456791	-0.6048308610916138	-0.015605224296450615	0.9998763203620911	0.0019638491794466972	0.604733943939209	0.011002283543348312	-0.7963515520095825
-17.985055923461914	-1.5096590518951416	-4.866172790527344	0.5482119917869568	0.26363399624824524	1.0	2	0.0	0	0.0	0	-0.8103521466255188	-0.2798007130622864	-0.5148212313652039	-0.25227102637290955	0.959619402885437	-0.12445832788944244	0.5288560390472412	0.029019411653280258	-0.8482153415679932
-18.017210006713867	-1.5787010192871094	-4.711009979248047	0.5465850234031677	0.2600939869880676	1.0	2	0.0	0	0.0	0	-0.8751444220542908	-0.41200390458106995	-0.25372233986854553	-0.39345455169677734	0.9111526012420654	-0.1224525049328804	0.28163066506385803	-0.007335425354540348	-0.9594948887825012
-18.09776496887207	-1.5666799545288086	-4.331593990325928	0.5468909740447998	0.2513130009174347	1.0	2	0.0	0	0.0	0	-0.9079150557518005	-0.4102934002876282	-0.08573000878095627	-0.41014960408210754	0.9117968082427979	-0.020101027563214302	0.08641566336154938	0.016912102699279785	-0.9961156845092773
-18.102651596069336	-0.9748380184173584	-4.336678981781006	0.5604090094566345	0.251446008682251	1.0	2	0.0	0	0.0	0	-0.9138936400413513	0.39350008964538574	-0.09978058189153671	0.3918972313404083	0.919303834438324	0.03601682558655739	0.10590127855539322	-0.006188184022903442	-0.9943574070930481
-17.989316940307617	1.3860679864883423	-4.871920108795166	0.5670329928398132	0.26336899399757385	1.0	2	0.0	0	0.0	0	-0.815173864364624	-0.24269147217273712	-0.525920569896698	-0.23135535418987274	0.9688374400138855	-0.08848051726818085	0.5310049653053284	0.04954752326011658	-0.8459188342094421
-18.0607967376709	1.6054010391235352	-4.515754222869873	0.5722180008888245	0.25540199875831604	1.0	2	0.0	0	0.0	0	-0.9781428575515747	0.01726066693663597	-0.2072167694568634	0.010902300477027893	0.9994352459907532	0.03178753703832626	0.2076483964920044	0.028833609074354172	-0.9777784943580627
-17.975555419921875	1.6073969602584839	-4.9189372062683105	0.5719590187072754	0.26479199528694153	1.0	2	0.0	0	0.0	0	-0.7972369194030762	0.01401021983474493	-0.6035040020942688	-0.019168654456734657	0.9986389875411987	0.048505257815122604	0.6033622026443481	0.05023854225873947	-0.795883297920227
-18.02117919921875	1.3110419511795044	-4.727561950683594	0.5653859972953796	0.2600350081920624	1.0	2	0.0	0	0.0	0	-0.8804463148117065	-0.3857264220714569	-0.27573463320732117	-0.37387436628341675	0.9224366545677185	-0.09658494591712952	0.29160308837890625	0.018052250146865845	-0.9563690423965454
-18.10096549987793	1.3087819814682007	-4.351560115814209	0.565608024597168	0.2513909935951233	1.0	2	0.0	0	0.0	0	-0.9160680770874023	-0.386277973651886	-0.10774318873882294	-0.3895890712738037	0.9209263324737549	0.010734202340245247	0.09507715702056885	0.05180882662534714	-0.9941208362579346
-18.091026306152344	1.9018789529800415	-4.348597049713135	0.5789819955825806	0.251675009727478	1.0	2	0.0	0	0.0	0	-0.9028387069702148	0.41759753227233887	-0.10244306176900864	0.4147360920906067	0.9086307287216187	0.0488290935754776	0.1134738028049469	0.001597959315404296	-0.9935396909713745
-18.01093864440918	1.9018789529800415	-4.727198123931885	0.5789669752120972	0.2604900002479553	1.0	2	0.0	0	0.0	0	-0.8684404492378235	0.4169979691505432	-0.2681863009929657	0.4015704393386841	0.9088552594184875	0.1127977967262268	0.2907789647579193	-0.009737521409988403	-0.9567407369613647
-17.98204803466797	1.8282580375671387	-4.870175838470459	0.5772960186004639	0.26399898529052734	1.0	2	0.0	0	0.0	0	-0.8080706596374512	0.2714258134365082	-0.5228286981582642	0.24102231860160828	0.9621750712394714	0.12699396908283234	0.5375221371650696	-0.023393282666802406	-0.8429251313209534
-17.68161964416504	-1.6770210266113281	-4.683313846588135	0.4699139893054962	0.5993989706039429	1.0	2	0.0	0	0.0	0	-0.9188241958618164	-0.2983500361442566	-0.25835907459259033	-0.27876317501068115	0.9540063142776489	-0.11028628796339035	0.27938011288642883	-0.02931271493434906	-0.9597330689430237
-17.61996078491211	-2.7648849487304688	-4.9589691162109375	0.4448690116405487	0.6067579984664917	1.0	2	0.0	0	0.0	0	-0.8638967275619507	0.48188769817352295	-0.14651501178741455	0.4821524918079376	0.8753437399864197	0.036087848246097565	0.1456412971019745	-0.03946640342473984	-0.9885499477386475
-17.71262550354004	-2.7660939693450928	-4.524485111236572	0.4443260133266449	0.5964630246162415	1.0	2	0.0	0	0.0	0	-0.8698613047599792	0.45759108662605286	-0.18426018953323364	0.45558100938796997	0.8884525895118713	0.0556587353348732	0.18917538225650787	-0.03553006425499916	-0.9813003540039062
-18.12212371826172	1.827692985534668	-4.208273887634277	0.5772899985313416	0.24847599864006042	1.0	2	0.0	0	0.0	0	-0.9507105946540833	0.2687252163887024	0.15471310913562775	0.2714828550815582	0.9624372124671936	-0.0034227008000016212	-0.1498214155435562	0.03874795883893967	-0.9879535436630249
-18.13543128967285	1.6051369905471802	-4.164331912994385	0.5723990201950073	0.24726399779319763	1.0	2	0.0	0	0.0	0	-0.9738120436668396	0.013704839162528515	0.22694112360477448	0.018809042870998383	0.9996160864830017	0.020344000309705734	-0.22657518088817596	0.02407977730035782	-0.9736959934234619
-18.129018783569336	1.3826780319213867	-4.213263988494873	0.5674099922180176	0.24833300709724426	1.0	2	0.0	0	0.0	0	-0.9598577618598938	-0.23643867671489716	0.1508968323469162	-0.23177646100521088	0.9715827107429504	0.04802820086479187	-0.15796448290348053	0.011125907301902771	-0.9873821139335632
-18.129898071289062	-1.0486040115356445	-4.20489501953125	0.5586709976196289	0.24844400584697723	1.0	2	0.0	0	0.0	0	-0.9585976600646973	0.23782677948474884	0.15661734342575073	0.2372748851776123	0.9711822271347046	-0.022487545385956764	-0.15745212137699127	0.015604853630065918	-0.9874033331871033
-18.137178421020508	-1.269901990890503	-4.16011381149292	0.5537089705467224	0.24729500710964203	1.0	2	0.0	0	0.0	0	-0.9741624593734741	-0.007906721904873848	0.2257099598646164	-0.009282291866838932	0.999944269657135	-0.005033792462199926	-0.22565758228302002	-0.006998837925493717	-0.9741815328598022
-18.12627601623535	-1.491225004196167	-4.204078197479248	0.5487170219421387	0.2484470009803772	1.0	2	0.0	0	0.0	0	-0.9512452483177185	-0.2617870569229126	0.16309532523155212	-0.25802162289619446	0.9651257395744324	0.044241584837436676	-0.16898934543132782	2.477318048477173e-06	-0.9856178760528564
-18.285053253173828	-2.3681910037994385	-1.7739779949188232	0.45330700278282166	0.5318689942359924	1.0	2	0.0	0	0.0	0	-0.7908223867416382	0.39118367433547974	-0.4707180857658386	0.3572671413421631	0.9195054173469543	0.16392116248607635	0.49695104360580444	-0.038539592176675797	-0.8669224381446838
-18.35508918762207	-1.8368289470672607	-1.4862979650497437	0.4650929868221283	0.524366021156311	1.0	2	0.0	0	0.0	0	-0.8084854483604431	0.13524436950683594	-0.5727654695510864	0.13418054580688477	0.9899638295173645	0.044353269040584564	0.5730156302452087	-0.04099500924348831	-0.8185185194015503
-18.356624603271484	2.0727810859680176	-1.4778330326080322	0.5564200282096863	0.524412989616394	1.0	2	0.0	0	0.0	0	-0.7935338616371155	-0.14183057844638824	-0.5917669534683228	-0.13471508026123047	0.989274799823761	-0.05645541846752167	0.5934272408485413	0.034920644015073776	-0.8041297793388367
-17.631591796875	1.6050759553909302	-4.935238838195801	0.5453069806098938	0.6048759818077087	1.0	2	0.0	0	0.0	0	-0.8266574740409851	0.013849921524524689	-0.5625350475311279	0.012630071491003036	0.9999018907546997	0.006057959981262684	0.5625637769699097	-0.0020970001351088285	-0.8267512917518616
-17.23227310180664	2.605078935623169	-6.754342079162598	0.567903995513916	0.6467549800872803	1.0	2	0.0	0	0.0	0	-0.9020765423774719	-0.4249918460845947	0.07509879767894745	-0.4241454601287842	0.9051710367202759	0.02767801284790039	-0.07974018901586533	-0.00688512995839119	-0.9967919588088989
-17.15808868408203	2.097407102584839	-7.1401472091674805	0.5567290186882019	0.6559249758720398	1.0	2	0.0	0	0.0	0	-0.9592438340187073	-0.20900599658489227	0.1901782751083374	-0.2086201310157776	0.9777430891990662	0.02227691002190113	-0.19060146808624268	-0.018306026235222816	-0.9814968109130859
-17.35523796081543	2.8251969814300537	-6.204103946685791	0.5730550289154053	0.6344860196113586	1.0	2	0.0	0	0.0	0	-0.8467126488685608	-0.5267828106880188	-0.07468283921480179	-0.5278444886207581	0.8493173718452454	-0.0063357907347381115	0.06676702201366425	0.03405633568763733	-0.9971872568130493
-17.642881393432617	-1.5875999927520752	-4.870544910430908	0.4721449911594391	0.6037949919700623	1.0	2	0.0	0	0.0	0	-0.9041697978973389	-0.17474934458732605	-0.38979458808898926	-0.14537720382213593	0.9839078783988953	-0.10387931019067764	0.401674747467041	-0.03725728020071983	-0.9150242805480957
-17.234102249145508	-2.3851850032806396	-6.747580051422119	0.45527198910713196	0.6462849974632263	1.0	2	0.0	0	0.0	0	-0.9034405946731567	0.4207760691642761	0.08211442828178406	0.4190733730792999	0.9071645736694336	-0.037816066294908524	-0.09040338546037674	0.00024740028311498463	-0.9959052205085754
-17.354610443115234	-2.6337668895721436	-6.198113918304443	0.4496220052242279	0.6344130039215088	1.0	2	0.0	0	0.0	0	-0.8360968232154846	0.5447813868522644	-0.06446342915296555	0.5464852452278137	0.8373948931694031	-0.011129188351333141	0.04791836813092232	-0.0445333831012249	-0.9978580474853516
-15.403726577758789	3.7909669876098633	-6.279407978057861	0.5663319826126099	0.09153100103139877	1.0	2	0.0	0	0.0	0	0.04583423212170601	0.9862536787986755	-0.15875425934791565	-0.16332142055034637	0.16418127715587616	0.9728158712387085	0.9855076670646667	-0.018660295754671097	0.16860146820545197
-15.770276069641113	3.894714117050171	-5.5527238845825195	0.5843219757080078	0.08579599857330322	1.0	2	0.0	0	0.0	0	-0.06792078167200089	0.9958361983299255	0.06080322712659836	-0.14189255237579346	-0.06996626406908035	0.9874062538146973	0.9875490665435791	0.05843787640333176	0.14605389535427094
-15.452868461608887	3.908262014389038	-5.392374038696289	0.5872650146484375	0.0937580019235611	1.0	2	0.0	0	0.0	0	-0.07585560530424118	0.9964115619659424	-0.03754902258515358	-0.17604708671569824	0.02368270419538021	0.984096884727478	0.9814547300338745	0.08125966042280197	0.173618882894516
-16.127765655517578	3.890955924987793	-2.2169179916381836	0.6586909890174866	0.0897509977221489	1.0	2	0.0	0	0.0	0	-0.11980599164962769	0.9926658868789673	-0.016153110191226006	-0.14578887820243835	-0.0014968466712161899	0.9893145561218262	0.9820347428321838	0.12088076770305634	0.14489899575710297
-16.483278274536133	3.870805025100708	-2.1988770961761475	0.6602129936218262	0.08209200203418732	1.0	2	0.0	0	0.0	0	-0.05925172194838524	0.9954401850700378	-0.07475332915782928	-0.1441885083913803	0.06556517630815506	0.987375795841217	0.9877747893333435	0.06928228586912155	0.13964618742465973
-16.360841751098633	3.8233790397644043	-1.7765350341796875	0.6692090034484863	0.08591599762439728	1.0	2	0.0	0	0.0	0	-0.05391046032309532	0.9766805171966553	0.20781923830509186	-0.12234107404947281	-0.2130143791437149	0.9693593978881836	0.9910228252410889	0.026833778247237206	0.13097183406352997
-17.798900604248047	-2.767220973968506	-4.119952201843262	0.4440310001373291	0.5867270231246948	1.0	2	0.0	0	0.0	0	-0.8695388436317444	0.4582022428512573	-0.1842631846666336	0.4522761106491089	0.8886728286743164	0.07554525882005692	0.19836470484733582	-0.017648296430706978	-0.9799694418907166
-17.90234375	-2.768570899963379	-3.6349239349365234	0.4439240097999573	0.5750910043716431	1.0	2	0.0	0	0.0	0	-0.8628748655319214	0.4649858772754669	-0.19807873666286469	0.4528787434101105	0.8853172063827515	0.10542453080415726	0.2243834286928177	0.0012625306844711304	-0.9745001792907715
-17.78115463256836	-1.6565020084381104	-4.214906215667725	0.4701690077781677	0.5885300040245056	1.0	2	0.0	0	0.0	0	-0.9457768201828003	-0.3071787357330322	-0.10558146238327026	-0.3021816909313202	0.9513062238693237	-0.06084933131933212	0.11913193762302399	-0.02564510703086853	-0.9925472736358643
-12.27235221862793	-2.508436918258667	-3.179858922958374	0.5655180215835571	0.735709011554718	1.0	2	0.0	0	0.0	0	0.8424818515777588	0.5124098062515259	0.1663145124912262	0.5046741962432861	-0.8586956262588501	0.08913931995630264	0.1884894073009491	0.008836381137371063	-0.9820354580879211
-12.317676544189453	3.199249029159546	-5.277423858642578	0.5763949751853943	0.16782799363136292	1.0	2	0.0	0	0.0	0	0.3756044805049896	0.9114347696304321	-0.16795220971107483	-0.13487644493579865	0.23304934799671173	0.9630661010742188	0.9169130921363831	-0.3390791416168213	0.2104654610157013
-14.070597648620605	3.828787088394165	-4.90343713760376	0.5924530029296875	0.1271989941596985	1.0	2	0.0	0	0.0	0	0.2040829360485077	0.9788738489151001	0.01249516848474741	-0.1727432757616043	0.023445425555109978	0.9846878051757812	0.9635921716690063	-0.20311644673347473	0.17387868463993073
-13.776864051818848	3.749150037765503	-4.62898588180542	0.5974559783935547	0.13510100543498993	1.0	2	0.0	0	0.0	0	0.23855724930763245	0.9710768461227417	-0.010018892586231232	-0.1586577594280243	0.04915027320384979	0.9861094951629639	0.958080530166626	-0.2336539924144745	0.1657940298318863
-17.648395538330078	-0.9788410067558289	-4.872859001159668	0.485960990190506	0.6034420132637024	1.0	2	0.0	0	0.0	0	-0.8889133334159851	0.17601361870765686	-0.42290934920310974	0.15435335040092468	0.9843317866325378	0.08524054288864136	0.43128666281700134	0.010493987239897251	-0.9021540284156799
-17.644466400146484	-0.3773750066757202	-4.872024059295654	0.49988698959350586	0.6034039855003357	1.0	2	0.0	0	0.0	0	-0.9783691763877869	0.0064919148571789265	-0.20676499605178833	0.0067792246118187904	0.9999768137931824	-0.0006810614140704274	0.20675577223300934	-0.0020680357702076435	-0.9783904552459717
-17.070281982421875	-0.542048990726471	-7.5880889892578125	0.4963169991970062	0.6665710210800171	1.0	2	0.0	0	0.0	0	-0.944442093372345	0.11636216938495636	0.3073906898498535	0.1138916090130806	0.9931521415710449	-0.02602984756231308	-0.30831462144851685	0.010425535961985588	-0.9512273669242859
-18.630199432373047	0.996213972568512	-0.6187250018119812	0.5390369892120361	0.47018399834632874	1.0	2	0.0	0	0.0	0	-0.501355767250061	0.08831379562616348	0.8607224822044373	0.03353632986545563	0.996013343334198	-0.08266090601682663	-0.8645910620689392	-0.012577047571539879	-0.5023186802864075
-17.94989013671875	1.0279059410095215	-0.35280901193618774	0.5396909713745117	0.4536379873752594	1.0	2	0.0	0	0.0	0	-0.3069833219051361	0.09268151968717575	0.9471912980079651	0.031088916584849358	0.9956923723220825	-0.08735140413045883	-0.9512069821357727	0.0026317276060581207	-0.3085423409938812
-17.90144157409668	2.7543179988861084	-0.5825260281562805	0.579662024974823	0.4544839859008789	1.0	2	0.0	0	0.0	0	-0.3051622807979584	0.26847168803215027	0.9136733412742615	0.08759640902280807	0.9632841348648071	-0.2537924647331238	-0.9482631087303162	0.0025866180658340454	-0.3174751400947571
-18.582542419433594	2.6719579696655273	-0.839572012424469	0.5776810050010681	0.471314013004303	1.0	2	0.0	0	0.0	0	-0.513839840888977	0.2613351047039032	0.8171124458312988	0.12118448317050934	0.9650322198867798	-0.23243729770183563	-0.8492838144302368	-0.0204141978174448	-0.5275417566299438
-16.337974548339844	1.0413899421691895	0.05815400183200836	0.5398759841918945	0.41591501235961914	1.0	2	0.0	0	0.0	0	-0.17320562899112701	0.09549962729215622	0.9802446961402893	0.015385567210614681	0.995428740978241	-0.09426034986972809	-0.9847655892372131	-0.0012448012130334973	-0.17388316988945007
-16.288114547729492	2.7903950214385986	-0.18124699592590332	0.5805249810218811	0.4155530035495758	1.0	2	0.0	0	0.0	0	-0.15423063933849335	0.2766769528388977	0.9485056400299072	0.0395568385720253	0.9609513878822327	-0.27387523651123047	-0.9872427582740784	-0.00472006993368268	-0.15915261209011078
-16.3026123046875	3.4688119888305664	-0.48490700125694275	0.5984200239181519	0.41699299216270447	1.0	2	0.0	0	0.0	0	-0.1501426249742508	0.3974630534648895	0.9052514433860779	0.06111697107553482	0.9176109433174133	-0.3927529454231262	-0.9867734313011169	-0.003642729949206114	-0.16206425428390503
-17.79854965209961	3.4262540340423584	-0.8502539992332458	0.5970550179481506	0.4544529914855957	1.0	2	0.0	0	0.0	0	-0.2958747148513794	0.3909730017185211	0.8715493679046631	0.14981506764888763	0.9201022386550903	-0.3618941605091095	-0.943405270576477	0.02349589392542839	-0.3308086097240448
-18.486989974975586	3.436068058013916	-1.1477789878845215	0.5971239805221558	0.47268998622894287	1.0	2	0.0	0	0.0	0	-0.5052066445350647	0.3764137625694275	0.7765817046165466	0.17260430753231049	0.9257549047470093	-0.3364308476448059	-0.8455613851547241	-0.03592576086521149	-0.5326681137084961
-18.58110237121582	-2.353501081466675	-0.8361430168151855	0.4630739986896515	0.4716379940509796	1.0	2	0.0	0	0.0	0	-0.5009987354278564	-0.2702195346355438	0.8221811652183533	-0.13452395796775818	0.9627743363380432	0.23445455729961395	-0.8549290299415588	0.006858371198177338	-0.5186997056007385
-17.890535354614258	-2.4239699840545654	-0.5777689814567566	0.46095800399780273	0.45479100942611694	1.0	2	0.0	0	0.0	0	-0.29853761196136475	-0.2829710841178894	0.9114837646484375	-0.11737916618585587	0.9586710929870605	0.25917530059814453	-0.9471522569656372	-0.029615629464387894	-0.31941431760787964
-17.94591522216797	-0.6979470252990723	-0.3517970144748688	0.5006459951400757	0.4537459909915924	1.0	2	0.0	0	0.0	0	-0.30509689450263977	-0.09267187118530273	0.9478015899658203	-0.0371975377202034	0.9956541061401367	0.0853768065571785	-0.9515945911407471	-0.009207688271999359	-0.30721816420555115
-18.629207611083984	-0.6786220073699951	-0.6184719800949097	0.5012620091438293	0.47038498520851135	1.0	2	0.0	0	0.0	0	-0.49864742159843445	-0.08724585175514221	0.8624030351638794	-0.04184423014521599	0.9961845874786377	0.07658536732196808	-0.8657943606376648	0.002102501690387726	-0.5003955960273743
-16.276180267333984	-2.4569010734558105	-0.17828400433063507	0.45948201417922974	0.41627898812294006	1.0	2	0.0	0	0.0	0	-0.15371765196323395	-0.28831470012664795	0.9451167583465576	-0.06628941744565964	0.9573388695716858	0.2812615633010864	-0.9858887195587158	-0.01941636949777603	-0.1662720888853073
-16.334003448486328	-0.7076699733734131	0.05916599929332733	0.5001140236854553	0.41608598828315735	1.0	2	0.0	0	0.0	0	-0.17212405800819397	-0.09657726436853409	0.9803296327590942	-0.02489584870636463	0.9952910542488098	0.09368004649877548	-0.984760582447052	-0.008281548507511616	-0.1737179011106491
-16.346088409423828	0.1668740063905716	0.10363300144672394	0.5199670195579529	0.4160250127315521	1.0	2	0.0	0	0.0	0	-0.17513401806354523	0.00010580963862594217	0.984544575214386	-0.00650060223415494	0.9999780654907227	-0.0012638181215152144	-0.9845231175422668	-0.006621470209211111	-0.1751294881105423
-17.95758819580078	0.1649940013885498	-0.3092840015888214	0.5201690196990967	0.453561007976532	1.0	2	0.0	0	0.0	0	-0.3073183298110962	0.00019764855096582323	0.9516067504882812	-0.006290669087320566	0.999977707862854	-0.0022392473183572292	-0.9515860676765442	-0.00667440565302968	-0.3073102533817291
-18.638639450073242	0.15879899263381958	-0.5771849751472473	0.5201510190963745	0.4700529873371124	1.0	2	0.0	0	0.0	0	-0.49980416893959045	9.970000246539712e-05	0.8661384582519531	-0.004554910585284233	0.999985933303833	-0.0027435130905359983	-0.8661264777183533	-0.005316402297466993	-0.49979662895202637
-18.0166072845459	-3.5894789695739746	-3.3775410652160645	0.35121798515319824	0.5588579773902893	1.0	2	0.0	0	0.0	0	-0.3047170042991638	-0.9515106081962585	0.04213285073637962	-0.142477348446846	0.08927731215953827	0.9857634902000427	-0.9417259693145752	0.2943759262561798	-0.1627730280160904
-17.239070892333984	-3.710223913192749	-3.185276985168457	0.35266900062561035	0.5410730242729187	1.0	2	0.0	0	0.0	0	-0.11876131594181061	-0.9889898896217346	0.08828792721033096	-0.14241532981395721	0.10496435314416885	0.9842257499694824	-0.9826564192771912	0.10431438684463501	-0.1533130258321762
-17.636497497558594	-3.4654719829559326	-1.5530190467834473	0.39022698998451233	0.5448780059814453	1.0	2	0.0	0	0.0	0	-0.1605575829744339	-0.9478991627693176	0.2751515805721283	-0.11111009120941162	0.2943538427352905	0.9492156505584717	-0.9807526469230652	0.12183165550231934	-0.15258190035820007
-18.36711311340332	-3.3590619564056396	-1.7879149913787842	0.3875029981136322	0.5619800090789795	1.0	2	0.0	0	0.0	0	-0.3601575195789337	-0.9073576927185059	0.21676836907863617	-0.08234365284442902	0.2623748481273651	0.961446225643158	-0.9292502999305725	0.3284226357936859	-0.16921144723892212
-15.615447044372559	-3.7829699516296387	-2.829392910003662	0.35478100180625916	0.5043619871139526	1.0	2	0.0	0	0.0	0	0.014551399275660515	-0.9920945763587952	0.12464650720357895	-0.15667402744293213	0.12085758149623871	0.9802278876304626	-0.9875432252883911	-0.033792559057474136	-0.15367679297924042
-16.01811981201172	-3.521806001663208	-1.1724510192871094	0.39308398962020874	0.5073800086975098	1.0	2	0.0	0	0.0	0	-0.014959276653826237	-0.9474363923072815	0.3195943236351013	-0.15524563193321228	0.31795477867126465	0.9353093504905701	-0.9877626895904541	-0.03562407195568085	-0.15184174478054047
-16.193843841552734	-3.16046404838562	-0.5008299946784973	0.4112449884414673	0.5087850093841553	1.0	2	0.0	0	0.0	0	-0.04498013108968735	-0.8844512701034546	0.4644596576690674	-0.14666451513767242	0.465738981962204	0.8726837038993835	-0.9881631731987	-0.028866324573755264	-0.15066660940647125
-17.810009002685547	-3.115880012512207	-0.8918020129203796	0.407709002494812	0.5476980209350586	1.0	2	0.0	0	0.0	0	-0.1941264122724533	-0.8872702121734619	0.4184095561504364	-0.0609576478600502	0.4366098940372467	0.8975834250450134	-0.9790807962417603	0.14873939752578735	-0.13884341716766357
-18.512737274169922	-3.02361798286438	-1.141569972038269	0.4040839970111847	0.5650140047073364	1.0	2	0.0	0	0.0	0	-0.39515992999076843	-0.8487257361412048	0.351444810628891	-0.0389951653778553	0.3977358043193817	0.9166709184646606	-0.9177843928337097	0.3485269248485565	-0.1902654469013214
-17.348522186279297	-3.3582019805908203	-6.708044052124023	0.276095986366272	0.5573139786720276	1.0	2	0.0	0	0.0	0	-0.25389593839645386	-0.9095873832702637	-0.3289191424846649	-0.23022882640361786	-0.27345559000968933	0.933925449848175	-0.9394314885139465	0.31284651160240173	-0.13998395204544067
-16.664276123046875	-3.4620299339294434	-6.639104843139648	0.2748109996318817	0.541854977607727	1.0	2	0.0	0	0.0	0	-0.04394989088177681	-0.9520522952079773	-0.30276206135749817	-0.2097899317741394	-0.2875025272369385	0.9345215559005737	-0.9767582416534424	0.10458855330944061	-0.1870952844619751
-16.901988983154297	-3.7084450721740723	-4.974850177764893	0.3124989867210388	0.5401149988174438	1.0	2	0.0	0	0.0	0	-0.07449201494455338	-0.9888575077056885	-0.12888695299625397	-0.17562417685985565	-0.1142168864607811	0.9778091907501221	-0.9816349744796753	0.09547464549541473	-0.16515903174877167
-17.65951156616211	-3.589031934738159	-5.108476161956787	0.31237998604774475	0.5573300123214722	1.0	2	0.0	0	0.0	0	-0.26627853512763977	-0.9502936005592346	-0.16136281192302704	-0.1861811876296997	-0.11354711651802063	0.9759321808815002	-0.9457443952560425	0.28991249203681946	-0.14669162034988403
-15.031425476074219	-3.518364906311035	-6.326639175415039	0.2751379907131195	0.5043349862098694	1.0	2	0.0	0	0.0	0	0.11520487070083618	-0.950320303440094	-0.2891697585582733	-0.1552184522151947	-0.30475425720214844	0.9396979212760925	-0.9811397194862366	-0.06337329745292664	-0.1826164275407791
-15.273545265197754	-3.7811899185180664	-4.641643047332764	0.3138369917869568	0.5034040212631226	1.0	2	0.0	0	0.0	0	0.06216111034154892	-0.9917306303977966	-0.11227808147668839	-0.1626369208097458	-0.12105699628591537	0.9792315363883972	-0.9847259521484375	-0.0426095575094223	-0.16881705820560455
-15.375378608703613	-3.836780071258545	-4.025745868682861	0.3277229964733124	0.5034149885177612	1.0	2	0.0	0	0.0	0	0.04615302383899689	-0.9982272982597351	-0.03758106753230095	-0.16309984028339386	-0.044646553695201874	0.9855988621711731	-0.9855295419692993	-0.03935890272259712	-0.16487129032611847
-17.0023250579834	-3.7605059146881104	-4.36599588394165	0.32614898681640625	0.5399860143661499	1.0	2	0.0	0	0.0	0	-0.08984342217445374	-0.9942178130149841	-0.05881460756063461	-0.16795866191387177	-0.0430828332901001	0.984852135181427	-0.9816914200782776	0.09836091101169586	-0.16311678290367126
-17.77698516845703	-3.6373250484466553	-4.521614074707031	0.3255789875984192	0.5575230121612549	1.0	2	0.0	0	0.0	0	-0.27645713090896606	-0.9562803506851196	-0.0953906923532486	-0.17313024401664734	-0.04807700216770172	0.98372483253479	-0.9453028440475464	0.2884727716445923	-0.15226982533931732
-17.070587158203125	-0.6784679889678955	-8.314102172851562	0.06376300007104874	0.5259820222854614	1.0	2	0.0	0	0.0	0	-0.1612321436405182	-0.17678935825824738	-0.9709529876708984	-0.004436697345227003	0.983944833278656	-0.1784181296825409	0.9869065880775452	-0.02445891499519348	-0.15942789614200592
