12134	11294	16
76.77800750732422	41.421016693115234	-0.8172760009765625	0.5840683579444885	0.0761265978217125	1.0	2	0.0	0	0.0	0	-0.045808155089616776	0.9963457584381104	0.07208871096372604	-0.1871093362569809	-0.07473567128181458	0.9794920086860657	0.9813113212585449	0.03138060122728348	0.18985120952129364
74.70478057861328	40.12946319580078	-9.788005828857422	0.5654813051223755	0.06807633489370346	1.0	2	0.0	0	0.0	0	-0.035648755729198456	0.9863970279693604	-0.16046875715255737	-0.18339817225933075	0.16423632204532623	0.9692221879959106	0.9824756979942322	0.0639866515994072	0.17506340146064758
72.81354522705078	41.26532745361328	-0.5899540185928345	0.5864130258560181	0.06776723265647888	1.0	2	0.0	0	0.0	0	0.010598434135317802	0.999925434589386	-0.006066798698157072	-0.1718733310699463	0.007798504084348679	0.9850882291793823	0.9850620031356812	-0.00939767062664032	0.17194315791130066
110.30587768554688	33.62108612060547	48.5547981262207	0.6799061894416809	0.16693033277988434	1.0	2	0.0	0	0.0	0	0.2373448610305786	0.9233351945877075	0.30186015367507935	-0.12309914082288742	-0.23244979977607727	0.9647868871688843	0.9620696306228638	-0.26644521951675415	0.05855677276849747
96.87493896484375	40.10768127441406	35.007652282714844	0.6530290246009827	0.13176356256008148	1.0	2	0.0	0	0.0	0	0.2122621238231659	0.9718642830848694	0.10210113972425461	-0.14139440655708313	-0.068416066467762	0.9875863790512085	0.9667944312095642	-0.22406582534313202	0.12289518117904663
92.86613464355469	40.94764709472656	36.41291427612305	0.6570731997489929	0.12333808839321136	1.0	2	0.0	0	0.0	0	0.19045542180538177	0.9789517521858215	0.07335007190704346	-0.12631213665008545	-0.05795964226126671	0.990295946598053	0.9737355709075928	-0.19787880778312683	0.11261849105358124
65.74956512451172	40.96249008178711	32.6131591796875	0.6562178730964661	0.06515044718980789	1.0	2	0.0	0	0.0	0	0.07735621929168701	0.9964849948883057	-0.03215060755610466	-0.12555478513240814	0.034458279609680176	0.9914880990982056	0.9891369342803955	-0.07266302406787872	0.12778238952159882
64.62000274658203	40.5129508972168	37.65717315673828	0.6673789620399475	0.06381840258836746	1.0	2	0.0	0	0.0	0	-0.07946120202541351	0.9812734723091125	0.17546580731868744	-0.09734206646680832	-0.18392042815685272	0.9781093001365662	0.9920650720596313	0.0606415718793869	0.11013378947973251
69.28182220458984	41.11713409423828	34.42933654785156	0.6592429280281067	0.07302522659301758	1.0	2	0.0	0	0.0	0	0.0008032835903577507	0.9924792647361755	-0.12241006642580032	-0.10892966389656067	0.11949370801448822	0.9868412613868713	0.9940493106842041	0.012541406787931919	0.10820670425891876
59.510475158691406	17.428363800048828	16.494783401489258	0.5452312231063843	0.5826643705368042	1.0	2	0.0	0	0.0	0	-0.9945615530014038	0.012687320820987225	0.10337482392787933	0.005271167494356632	0.9999551177024841	0.007874908857047558	-0.10327379405498505	0.008377273567020893	-0.9946177005767822
54.71427917480469	27.875438690185547	39.99286651611328	0.5676964521408081	0.5317161679267883	1.0	2	0.0	0	0.0	0	-0.7891836762428284	-0.39898738265037537	-0.46690279245376587	-0.35790249705314636	0.9156109690666199	-0.18320026993751526	0.5005977153778076	0.022527089342474937	-0.8653869032859802
55.780059814453125	30.288013458251953	34.49310302734375	0.5729721188545227	0.5431899428367615	1.0	2	0.0	0	0.0	0	-0.7984806299209595	-0.5341288447380066	-0.2777320444583893	-0.47807514667510986	0.8536750674247742	-0.20659877359867096	0.34749269485473633	-0.03219291940331459	-0.9371299743652344
59.65013885498047	-3.3496971130371094	15.866031646728516	0.4998414218425751	0.5843074917793274	1.0	2	0.0	0	0.0	0	-0.9780239462852478	0.006088735535740852	-0.208404079079628	0.007043431047350168	0.9999738335609436	-0.0016695215599611402	0.20838846266269684	-0.003100711852312088	-0.9780412912368774
59.59428405761719	-9.657482147216797	15.907434463500977	0.48596447706222534	0.5841884016990662	1.0	2	0.0	0	0.0	0	-0.9894510507583618	0.14484983682632446	-0.0022911701817065477	0.14547403156757355	0.9892705082893372	-0.013463986106216908	0.0003163308429066092	-0.013655262067914009	-0.9999067783355713
53.3963623046875	-4.918371200561523	45.271480560302734	0.49580055475234985	0.5181112289428711	1.0	2	0.0	0	0.0	0	-0.7487123012542725	0.046686019748449326	-0.661249041557312	0.045567095279693604	0.9988259077072144	0.016449589282274246	0.6612414717674255	-0.01781521365046501	-0.7499615550041199
112.40119171142578	2.3353469371795654	48.154083251953125	0.5016558766365051	0.6861045956611633	1.0	2	0.0	0	0.0	0	0.9995241761207581	0.0011504896683618426	0.030823683366179466	0.0010913831647485495	-0.9993934035301208	-0.03480915352702141	0.030764957889914513	0.03482625260949135	-0.9989197254180908
112.23684692382812	2.3365750312805176	52.859954833984375	0.5013165473937988	0.6757858395576477	1.0	2	0.0	0	0.0	0	0.9369993209838867	0.0015108204679563642	-0.34932786226272583	-0.00952964462339878	-0.9995461702346802	-0.02857680432498455	-0.34921252727508545	0.03010541945695877	-0.936559796333313
112.28793334960938	-3.6710550785064697	52.57306671142578	0.5146004557609558	0.676057755947113	1.0	2	0.0	0	0.0	0	0.9380585551261902	0.030593520030379295	-0.3451234996318817	0.019847819581627846	-0.9994416236877441	-0.02688259445130825	-0.3457544445991516	0.01836756244301796	-0.9381452798843384
112.51618194580078	-19.66366958618164	51.614418029785156	0.5487962365150452	0.6793349981307983	1.0	2	0.0	0	0.0	0	0.8214616775512695	0.4499855935573578	-0.35030505061149597	0.4346553385257721	-0.8966808915138245	-0.08389414846897125	-0.3519141376018524	-0.08335824310779572	-0.9323131442070007
115.0714340209961	-25.401458740234375	39.070194244384766	0.5620687007904053	0.7032202482223511	1.0	2	0.0	0	0.0	0	0.8511576056480408	0.5241089463233948	0.02899487316608429	0.5666782259941101	-0.8223092555999756	-0.05180085450410843	-0.0033106538467109203	0.060596782714128494	-0.9981567859649658
114.686767578125	-16.158973693847656	37.40125274658203	0.5419970750808716	0.7078974843025208	1.0	2	0.0	0	0.0	0	0.9790310859680176	0.08534304797649384	0.18497250974178314	0.08532402664422989	-0.9960408806800842	-0.024948716163635254	0.18211433291435242	0.040208905935287476	-0.9824548959732056
118.85934448242188	-17.155765533447266	17.770885467529297	0.5459468364715576	0.7519583106040955	1.0	2	0.0	0	0.0	0	0.9708054661750793	0.09413911402225494	0.2206232100725174	0.08849624544382095	-0.9960577487945557	0.006110610440373421	0.22033338248729706	0.013592401519417763	-0.9753299355506897
119.79837799072266	-26.071462631225586	17.109148025512695	0.565660834312439	0.7538312077522278	1.0	2	0.0	0	0.0	0	0.7845101356506348	0.5580217242240906	0.27047309279441833	0.5593329668045044	-0.8086106777191162	0.18247082829475403	0.320748895406723	0.008139858953654766	-0.9471292495727539
122.58125305175781	-21.268949508666992	4.456202030181885	0.5554251074790955	0.7802874445915222	1.0	2	0.0	0	0.0	0	0.6041387319564819	0.6150990128517151	0.5066256523132324	0.4975675046443939	-0.8269387483596802	0.26191386580467224	0.5817054510116577	0.09411577880382538	-0.8079363703727722
116.93712615966797	-25.665903091430664	30.40231704711914	0.564581573009491	0.7233509421348572	1.0	2	0.0	0	0.0	0	0.8507643938064575	0.4968535602092743	0.17127881944179535	0.49917301535606384	-0.8659589290618896	0.030685970559716225	0.16356685757637024	0.05939123034477234	-0.9847429394721985
120.72455596923828	2.3007431030273438	8.99585247039795	0.5042794942855835	0.772983193397522	1.0	2	0.0	0	0.0	0	0.9616778492927551	0.005473286844789982	0.2741275429725647	0.014418421313166618	-0.9992694854736328	-0.03539380803704262	0.2737337648868561	0.03798995539546013	-0.9610549211502075
124.43404388427734	2.3018240928649902	-4.159114837646484	0.5052518248558044	0.8032974004745483	1.0	2	0.0	0	0.0	0	0.737533450126648	0.06859239190816879	0.6718180775642395	0.06918202340602875	-0.9972442984580994	0.026788178831338882	0.6718044281005859	0.02672056294977665	-0.740246593952179
124.50100708007812	8.777606964111328	-4.55181884765625	0.4908537268638611	0.8043769598007202	1.0	2	0.0	0	0.0	0	0.7212408185005188	-0.02980654500424862	0.6920427680015564	-0.014485322870314121	-0.9994815587997437	-0.028755178675055504	0.6925411820411682	0.010714946314692497	-0.7212987542152405
120.28746032714844	23.338342666625977	11.052265167236328	0.4581625461578369	0.7697986960411072	1.0	2	0.0	0	0.0	0	0.9636880159378052	-0.10998839884996414	0.243326798081398	-0.08952696621417999	-0.9938186407089233	-0.065646231174469	0.24904923141002655	0.0414792075753212	-0.9676021337509155
122.77340698242188	26.443099975585938	3.3399009704589844	0.4519590735435486	0.7874314188957214	1.0	2	0.0	0	0.0	0	0.6199340224266052	-0.6527101397514343	0.4354896545410156	-0.5043105483055115	-0.7801187038421631	-0.3702508509159088	0.5817629098892212	0.009915247559547424	-0.8132979869842529
121.47404479980469	27.81102180480957	8.731424331665039	0.4482440948486328	0.775822639465332	1.0	2	0.0	0	0.0	0	0.7572335004806519	-0.5775821805000305	0.3049531579017639	-0.532939076423645	-0.8058996200561523	-0.2578793168067932	0.39476335048675537	0.03275797516107559	-0.9181987047195435
123.57496643066406	23.87746238708496	-0.3381960093975067	0.4577091634273529	0.7951511144638062	1.0	2	0.0	0	0.0	0	0.6280936598777771	-0.4831913411617279	0.6099382042884827	-0.3592912554740906	-0.8763875365257263	-0.3207096457481384	0.6895079612731934	-0.017709819599986076	-0.7240615487098694
112.28330993652344	8.343094825744629	52.59846496582031	0.48800337314605713	0.6768680214881897	1.0	2	0.0	0	0.0	0	0.9369763731956482	-0.023637397214770317	-0.34859225153923035	-0.043220121413469315	-0.9982491135597229	-0.040383532643318176	-0.3470287024974823	0.052904821932315826	-0.9363611340522766
124.15049743652344	-4.2433881759643555	-2.835545063018799	0.5198730826377869	0.7997769117355347	1.0	2	0.0	0	0.0	0	0.7423649430274963	0.1192096471786499	0.659305214881897	0.12600383162498474	-0.9912983179092407	0.03808730095624924	0.6581085920333862	0.05480031669139862	-0.7509260773658752
113.01097106933594	21.83381462097168	45.28535079956055	0.46023595333099365	0.6944519877433777	1.0	2	0.0	0	0.0	0	0.9862152934074402	-0.1233915388584137	0.11024472862482071	-0.11370264738798141	-0.9931074380874634	-0.02844887599349022	0.11299819499254227	0.015522009693086147	-0.9934739470481873
112.98360443115234	23.90020751953125	48.889801025390625	0.4557342231273651	0.6874841451644897	1.0	2	0.0	0	0.0	0	0.7583702802658081	-0.5592731833457947	-0.3347958028316498	-0.5316175222396851	-0.8367007970809937	0.13158471882343292	-0.3537917137145996	0.07821018248796463	-0.9320485591888428
112.55167388916016	20.57069206237793	51.324832916259766	0.46192488074302673	0.6821445226669312	1.0	2	0.0	0	0.0	0	0.829033613204956	-0.3354492485523224	-0.4474114775657654	-0.3557489812374115	-0.9339832067489624	0.033437129110097885	-0.42909377813339233	0.1314464509487152	-0.8936444520950317
113.60523986816406	26.19217872619629	45.16487503051758	0.45120543241500854	0.694649338722229	1.0	2	0.0	0	0.0	0	0.7858291268348694	-0.5985862612724304	-0.15545816719532013	-0.5992438793182373	-0.7967838048934937	0.07773305475711823	-0.17039960622787476	0.032073043286800385	-0.9848529696464539
51.6846923828125	33.273651123046875	-3.0321919918060303	0.5874496102333069	0.017516741529107094	1.0	2	0.0	0	0.0	0	-0.540145754814148	0.8169918656349182	-0.20190827548503876	-0.1941790133714676	0.11931032687425613	0.9736835360527039	0.8195948600769043	0.5651466846466064	0.0941992700099945
56.42803955078125	38.16143798828125	-0.08209600299596786	0.5928746461868286	0.03264327719807625	1.0	2	0.0	0	0.0	0	-0.4059009552001953	0.9101015329360962	-0.0834248885512352	-0.20675471425056458	0.013568243943154812	0.9782986640930176	0.8915788531303406	0.4143853485584259	0.18268004059791565
58.87568664550781	39.08637619018555	-1.6352200508117676	0.5885375738143921	0.03738177567720413	1.0	2	0.0	0	0.0	0	-0.35302844643592834	0.9333656430244446	-0.06480387598276138	-0.19234618544578552	-0.03194307163357735	0.9808071255683899	0.913677990436554	0.35883402824401855	0.1908680498600006
45.52985382080078	33.22966384887695	25.90389633178711	0.649452805519104	0.015184435062110424	1.0	2	0.0	0	0.0	0	-0.5744971632957458	0.8181265592575073	-0.02493768185377121	-0.15270927548408508	-0.06915485113859177	0.985848605632782	0.8048417568206787	0.5701876878738403	0.16466832160949707
52.63860321044922	38.993343353271484	27.626625061035156	0.6498281955718994	0.03483820706605911	1.0	2	0.0	0	0.0	0	-0.39714357256889343	0.9146090745925903	-0.07594332098960876	-0.16611438989639282	0.007231455296278	0.9860800504684448	0.9024292230606079	0.40423160791397095	0.14905816316604614
51.03248596191406	38.00762939453125	25.182788848876953	0.6452982425689697	0.03023596480488777	1.0	2	0.0	0	0.0	0	-0.47911426424980164	0.876355767250061	-0.04949795827269554	-0.16192626953125	-0.030346348881721497	0.9863362312316895	0.8628813624382019	0.48058390617370605	0.1564447581768036
59.501930236816406	-12.724839210510254	16.49182891845703	0.4792599081993103	0.58292156457901	1.0	2	0.0	0	0.0	0	-0.9920060038566589	-0.006559777073562145	0.12602005898952484	-0.009705391712486744	0.9997209310531616	-0.021539969369769096	-0.1258436143398285	-0.02259085513651371	-0.9917929172515869
59.64781951904297	-15.791839599609375	15.918634414672852	0.47249674797058105	0.5844151377677917	1.0	2	0.0	0	0.0	0	-0.9871708750724792	-0.15961825847625732	0.003979286644607782	-0.15609736740589142	0.9874955415725708	-0.022049859166145325	-0.00040997040923684835	-0.0223882794380188	-0.9997492432594299
55.815147399902344	-27.092222213745117	34.447364807128906	0.447512149810791	0.5437492728233337	1.0	2	0.0	0	0.0	0	-0.788756251335144	0.5400058627128601	-0.2936958968639374	0.47508805990219116	0.8603116869926453	0.1848112940788269	0.35269230604171753	0.006243587471544743	-0.9357184767723083
57.84612274169922	-10.47825813293457	7.291032791137695	0.5585017204284668	0.26377072930336	1.0	2	0.0	0	0.0	0	-0.8148583173751831	0.2505851984024048	-0.5226977467536926	0.21388791501522064	0.9683840870857239	0.12839125096797943	0.5383455753326416	-0.007178060244768858	-0.8426936864852905
57.08375549316406	-12.807656288146973	11.000389099121094	0.5535815358161926	0.25561484694480896	1.0	2	0.0	0	0.0	0	-0.9781543612480164	-0.009696844033896923	-0.2076537013053894	-0.01066887378692627	0.9999367594718933	0.003561557037755847	0.20760603249073029	0.005699183791875839	-0.9781959652900696
57.49779510498047	-9.669351577758789	8.897628784179688	0.5603446364402771	0.2602871358394623	1.0	2	0.0	0	0.0	0	-0.879772424697876	0.39210736751556396	-0.26879796385765076	0.36655664443969727	0.9183997511863708	0.14892315864562988	0.30525872111320496	0.032488901168107986	-0.9517151117324829
57.9827880859375	-12.904977798461914	6.760255813598633	0.553277850151062	0.26497960090637207	1.0	2	0.0	0	0.0	0	-0.7962714433670044	-0.01123762782663107	-0.6048350930213928	-0.014155936427414417	0.9998953342437744	0.00300129153765738	0.6047390103340149	0.010951866395771503	-0.7963484525680542
57.890403747558594	-15.304555892944336	7.309970855712891	0.5482115149497986	0.26363441348075867	1.0	2	0.0	0	0.0	0	-0.810351550579071	-0.27979975938796997	-0.5148229002952576	-0.24869994819164276	0.9608567953109741	-0.12207639217376709	0.528833270072937	0.02911192551255226	-0.8482263088226318
57.551605224609375	-16.032024383544922	8.944860458374023	0.5465850830078125	0.26009443402290344	1.0	2	0.0	0	0.0	0	-0.8751459717750549	-0.41199660301208496	-0.25372880697250366	-0.3951522707939148	0.9103682041168213	-0.12281841784715652	0.28158795833587646	-0.007222539745271206	-0.9595082998275757
56.70281982421875	-15.905374526977539	12.942638397216797	0.5468907952308655	0.25131335854530334	1.0	2	0.0	0	0.0	0	-0.9079161286354065	-0.41029173135757446	-0.08572608977556229	-0.41241782903671265	0.910770058631897	-0.02023480087518692	0.08637920767068863	0.0169835202395916	-0.9961176514625549
56.651336669921875	-9.669352531433105	12.889060974121094	0.5604090690612793	0.25144582986831665	1.0	2	0.0	0	0.0	0	-0.9138975143432617	0.39349043369293213	-0.09978272765874863	0.3918762803077698	0.9193085432052612	0.03612123802304268	0.10594447702169418	-0.006091374903917313	-0.9943534135818481
57.84550476074219	15.206677436828613	7.249425888061523	0.5670329928398132	0.2633686065673828	1.0	2	0.0	0	0.0	0	-0.8151824474334717	-0.2426968812942505	-0.5259048342704773	-0.22876109182834625	0.9695996642112732	-0.08686169981956482	0.5310009121894836	0.049498677253723145	-0.8459243774414062
57.09234619140625	17.517709732055664	11.002214431762695	0.5722182989120483	0.25540152192115784	1.0	2	0.0	0	0.0	0	-0.978142499923706	0.017260165885090828	-0.20721831917762756	0.010904447175562382	0.999435544013977	0.03177478164434433	0.20764978229999542	0.028820663690567017	-0.9777786135673523
57.99049377441406	17.538747787475586	6.754018783569336	0.5719588994979858	0.2647922933101654	1.0	2	0.0	0	0.0	0	-0.7972415089607239	0.01401146873831749	-0.6034978032112122	-0.017878469079732895	0.998611569404602	0.04955148696899414	0.6033550500869751	0.0502941869199276	-0.7958852052688599
57.509788513183594	14.416160583496094	8.770462036132812	0.5653864741325378	0.2600347399711609	1.0	2	0.0	0	0.0	0	-0.8804477453231812	-0.38572677969932556	-0.2757294178009033	-0.37525758147239685	0.9218244552612305	-0.09706402570009232	0.2916146516799927	0.018009774386882782	-0.9563663005828857
56.669097900390625	14.39234733581543	12.732276916503906	0.5656079649925232	0.2513914406299591	1.0	2	0.0	0	0.0	0	-0.9160670638084412	-0.38627883791923523	-0.10774905979633331	-0.39120030403137207	0.9202425479888916	0.010768513195216656	0.09499576687812805	0.052016228437423706	-0.994117796421051
56.773834228515625	20.6415958404541	12.763486862182617	0.5789822340011597	0.25167450308799744	1.0	2	0.0	0	0.0	0	-0.9028408527374268	0.41759172081947327	-0.10244790464639664	0.41570568084716797	0.9081754088401794	0.0490519143640995	0.1135244145989418	0.0016978987259790301	-0.993533730506897
57.61767578125	20.641597747802734	8.774303436279297	0.5789672136306763	0.2604903280735016	1.0	2	0.0	0	0.0	0	-0.8684377670288086	0.41699936985969543	-0.26819270849227905	0.40340593457221985	0.9079636335372925	0.11342685669660568	0.29080885648727417	-0.00968638900667429	-0.9567321538925171
57.922096252441406	19.86588478088379	7.267794132232666	0.5772958993911743	0.2639991044998169	1.0	2	0.0	0	0.0	0	-0.8080745339393616	0.27142786979675293	-0.5228216648101807	0.24027764797210693	0.9624245762825012	0.1265137642621994	0.5375159382820129	-0.023389820009469986	-0.8429291248321533
61.08759307861328	-17.067996978759766	9.236688613891602	0.46991363167762756	0.599398672580719	1.0	2	0.0	0	0.0	0	-0.9188258051872253	-0.29834505915641785	-0.25835898518562317	-0.2848109006881714	0.9520174264907837	-0.11200689524412155	0.2793850600719452	-0.029332011938095093	-0.9597309827804565
61.737266540527344	-28.530433654785156	6.332211017608643	0.4448685348033905	0.6067583560943604	1.0	2	0.0	0	0.0	0	-0.8638981580734253	0.48188546299934387	-0.1465146690607071	0.4999721348285675	0.8651567697525024	0.0391383059322834	0.14564968645572662	-0.03945023566484451	-0.9885494112968445
60.760902404785156	-28.543182373046875	10.91021728515625	0.44432586431503296	0.5964630246162415	1.0	2	0.0	0	0.0	0	-0.869861900806427	0.45759087800979614	-0.1842573881149292	0.4555820822715759	0.8884525895118713	0.05565182864665985	0.18916969001293182	-0.035534948110580444	-0.9813011884689331
56.44615173339844	19.85993003845215	14.242023468017578	0.5772895812988281	0.24847635626792908	1.0	2	0.0	0	0.0	0	-0.9507071375846863	0.26873287558555603	0.15472105145454407	0.26883402466773987	0.9631811380386353	-0.0032109555322676897	-0.14988785982131958	0.038541749119758606	-0.9879514575004578
56.30595397949219	17.514934539794922	14.705018997192383	0.5723987817764282	0.24726393818855286	1.0	2	0.0	0	0.0	0	-0.9738155007362366	0.013700813986361027	0.22692681849002838	0.017552150413393974	0.9996325969696045	0.02065514214336872	-0.22656063735485077	0.024097369983792305	-0.9736990332603455
56.37351989746094	15.17095947265625	14.189444541931152	0.5674104690551758	0.24833345413208008	1.0	2	0.0	0	0.0	0	-0.9598591923713684	-0.23643577098846436	0.15089242160320282	-0.230935737490654	0.9717870950698853	0.04794362932443619	-0.15797096490859985	0.011172685772180557	-0.9873806238174438
56.36424255371094	-10.446598052978516	14.277629852294922	0.5586705803871155	0.24844422936439514	1.0	2	0.0	0	0.0	0	-0.9585976004600525	0.237824946641922	0.156620591878891	0.2354927808046341	0.9716182947158813	-0.02238439954817295	-0.1574992686510086	0.015425413846969604	-0.9873986840248108
56.28754425048828	-12.77833080291748	14.749467849731445	0.5537091493606567	0.2472953498363495	1.0	2	0.0	0	0.0	0	-0.9741544723510742	-0.00791009608656168	0.2257445603609085	-0.00997191946953535	0.9999383687973022	-0.004875664599239826	-0.22569213807582855	-0.007000759243965149	-0.9741735458374023
56.40242004394531	-15.110331535339355	14.28622817993164	0.5487166047096252	0.24844731390476227	1.0	2	0.0	0	0.0	0	-0.951249361038208	-0.2617875039577484	0.16307087242603302	-0.2512209415435791	0.9669640064239502	0.04322896525263786	-0.16900475323200226	0.0001547115098219365	-0.9856153130531311
54.72942352294922	-24.35062026977539	39.891326904296875	0.4533069133758545	0.5318694710731506	1.0	2	0.0	0	0.0	0	-0.7908206582069397	0.39118677377700806	-0.470718115568161	0.3577065169811249	0.9192855358123779	0.16419531404972076	0.4969555139541626	-0.0385298915207386	-0.8669202923774719
53.991485595703125	-18.751850128173828	42.922523498535156	0.4650925397872925	0.5243655443191528	1.0	2	0.0	0	0.0	0	-0.8084831833839417	0.1352468729019165	-0.5727682113647461	0.13488562405109406	0.9898489117622375	0.04477768391370773	0.5730102062225342	-0.041056208312511444	-0.8185192346572876
53.97528839111328	22.44232940673828	43.011714935302734	0.5564197301864624	0.5244128704071045	1.0	2	0.0	0	0.0	0	-0.7935367226600647	-0.1418299823999405	-0.5917631983757019	-0.1346758008003235	0.9892831444740295	-0.05640263110399246	0.5934209823608398	0.03493862599134445	-0.8041335940361023
61.61473083496094	17.51429557800293	6.582251071929932	0.5453072190284729	0.6048763394355774	1.0	2	0.0	0	0.0	0	-0.8266599774360657	0.013854230754077435	-0.5625311732292175	0.007506846450269222	0.999968409538269	0.0026329969987273216	0.5625605583190918	-0.0020462805405259132	-0.826753556728363
65.82221221923828	28.05097007751465	-12.584991455078125	0.567903995513916	0.6467553973197937	1.0	2	0.0	0	0.0	0	-0.9020756483078003	-0.42499351501464844	0.07510057836771011	-0.42538073658943176	0.9045900106430054	0.027715012431144714	-0.07971400767564774	-0.006945307366549969	-0.9967936277389526
66.60385131835938	22.701814651489258	-16.65008544921875	0.556728720664978	0.6559252142906189	1.0	2	0.0	0	0.0	0	-0.959244966506958	-0.20900489389896393	0.19017374515533447	-0.21148809790611267	0.977112889289856	0.02287224307656288	-0.19060249626636505	-0.018279479816555977	-0.9814971089363098
64.52657318115234	30.37026596069336	-6.7873311042785645	0.5730552673339844	0.6344860196113586	1.0	2	0.0	0	0.0	0	-0.8467121720314026	-0.5267833471298218	-0.07468484342098236	-0.5214777588844299	0.8532447814941406	-0.005864250473678112	0.06681551784276962	0.033982109278440475	-0.9971866011619568
61.49577331542969	-16.125789642333984	7.263901233673096	0.4721445143222809	0.6037947535514832	1.0	2	0.0	0	0.0	0	-0.9041664600372314	-0.17475178837776184	-0.38980111479759216	-0.14626288414001465	0.9837408661842346	-0.1042167991399765	0.4016755223274231	-0.037215910851955414	-0.915025532245636
65.80292510986328	-24.529666900634766	-12.513744354248047	0.45527195930480957	0.6462849974632263	1.0	2	0.0	0	0.0	0	-0.9034392833709717	0.4207771420478821	0.08212241530418396	0.4169695973396301	0.9081411957740784	-0.03763004019856453	-0.09041284769773483	0.00024609704269096255	-0.9959043264389038
64.5331802368164	-27.148883819580078	-6.724219799041748	0.4496215283870697	0.634413480758667	1.0	2	0.0	0	0.0	0	-0.8360964059829712	0.5447819232940674	-0.06446242332458496	0.5242379307746887	0.8514783382415771	-0.01261923834681511	0.04803032428026199	-0.0443599708378315	-0.997860312461853
85.08894348144531	40.5462532043457	-7.580783843994141	0.5663319230079651	0.09153149276971817	1.0	2	0.0	0	0.0	0	0.045834366232156754	0.9862536787986755	-0.1587541252374649	-0.1626993715763092	0.17619827389717102	0.9708156585693359	0.9855160713195801	-0.01866891235113144	0.16855132579803467
81.22674560546875	41.63939666748047	0.07602699846029282	0.5843217372894287	0.08579588681459427	1.0	2	0.0	0	0.0	0	-0.06791570037603378	0.9958370327949524	0.06079661101102829	-0.14188015460968018	-0.06820276379585266	0.9875314235687256	0.9875684380531311	0.05844314768910408	0.14592178165912628
84.57115173339844	41.78215026855469	1.765591025352478	0.5872647166252136	0.09375759959220886	1.0	2	0.0	0	0.0	0	-0.07585450261831284	0.9964116811752319	-0.03754835203289986	-0.17596973478794098	0.021393338218331337	0.9841631054878235	0.9814374446868896	0.0812607929110527	0.1737159788608551
77.46002197265625	41.59980010986328	35.224239349365234	0.65869140625	0.08975059539079666	1.0	2	0.0	0	0.0	0	-0.11980722844600677	0.9926657676696777	-0.01615261845290661	-0.14246855676174164	-0.033533819019794464	0.9892311096191406	0.9819433093070984	0.12088096141815186	0.14551670849323273
73.71410369873047	41.38747787475586	35.414329528808594	0.6602128744125366	0.08209194988012314	1.0	2	0.0	0	0.0	0	-0.059250567108392715	0.9954402446746826	-0.07475368678569794	-0.14493794739246368	0.07948494702577591	0.9862428903579712	0.9877843260765076	0.06927687674760818	0.13958120346069336
75.00416564941406	40.887760162353516	39.86439514160156	0.6692093014717102	0.08591607213020325	1.0	2	0.0	0	0.0	0	-0.05391053482890129	0.9766802787780762	0.20782041549682617	-0.1221303939819336	-0.21725377440452576	0.9684446454048157	0.9910199046134949	0.026828434318304062	0.13099585473537445
59.851844787597656	-28.5550537109375	15.172637939453125	0.4440305531024933	0.586726725101471	1.0	2	0.0	0	0.0	0	-0.8695386648178101	0.4582024812698364	-0.18426324427127838	0.4522750675678253	0.8886727094650269	0.07555195689201355	0.19836780428886414	-0.017642326653003693	-0.9799688458442688
58.76190948486328	-28.569286346435547	20.283203125	0.44392362236976624	0.5750911235809326	1.0	2	0.0	0	0.0	0	-0.8628736138343811	0.46498844027519226	-0.19807839393615723	0.4684334099292755	0.8767361044883728	0.10910607129335403	0.22443240880966187	0.0013584346743300557	-0.9744886755943298
60.03881072998047	-16.85179328918457	14.172138214111328	0.4701690673828125	0.5885297656059265	1.0	2	0.0	0	0.0	0	-0.9457816481590271	-0.3071630001068115	-0.10558425635099411	-0.2962941527366638	0.9531962871551514	-0.060222260653972626	0.11914286017417908	-0.025673607364296913	-0.9925452470779419
118.0831298828125	-25.828340530395508	25.078060150146484	0.5655179023742676	0.7357093691825867	1.0	2	0.0	0	0.0	0	0.8424803614616394	0.512412965297699	0.16631284356117249	0.5058472752571106	-0.8579810857772827	0.08937054127454758	0.18848809599876404	0.008835988119244576	-0.9820358157157898
117.60557556152344	34.3115234375	2.9767611026763916	0.5763946175575256	0.16782790422439575	1.0	2	0.0	0	0.0	0	0.37560465931892395	0.9114346504211426	-0.1679520308971405	-0.13887976109981537	0.2230018526315689	0.9648743271827698	0.916928768157959	-0.33910664916038513	0.2103530466556549
99.13565063476562	40.94474792480469	6.917348861694336	0.5924534797668457	0.1271989941596985	1.0	2	0.0	0	0.0	0	0.2040812224149704	0.978874146938324	0.012504540383815765	-0.17142929136753082	0.02847326546907425	0.9847849011421204	0.9636374711990356	-0.20312249660491943	0.17362089455127716
102.23062896728516	40.10563278198242	9.809125900268555	0.597456157207489	0.13510146737098694	1.0	2	0.0	0	0.0	0	0.23855836689472198	0.9710765480995178	-0.010020047426223755	-0.15924347937107086	0.04679282382130623	0.9861297607421875	0.9580792188644409	-0.23365457355976105	0.16580091416835785
61.43766784667969	-9.711531639099121	7.2395172119140625	0.48596057295799255	0.6034421324729919	1.0	2	0.0	0	0.0	0	-0.8889079689979553	0.17600755393505096	-0.42292314767837524	0.15250590443611145	0.9846988320350647	0.08432143181562424	0.43129411339759827	0.010455743409693241	-0.9021508693695068
61.47907257080078	-3.3740930557250977	7.248318195343018	0.49988672137260437	0.6034037470817566	1.0	2	0.0	0	0.0	0	-0.978370726108551	0.006492213811725378	-0.20675739645957947	0.0065895793959498405	0.9999780654907227	-0.0007231546915136278	0.2067481428384781	-0.002069957321509719	-0.9783919453620911
67.52903747558594	-5.109190940856934	-21.369888305664062	0.496317058801651	0.6665709018707275	1.0	2	0.0	0	0.0	0	-0.9444417953491211	0.11636067926883698	0.3073919117450714	0.0992601215839386	0.9948192238807678	-0.021961748600006104	-0.3083907663822174	0.009771300479769707	-0.951209545135498
51.092750549316406	11.098926544189453	52.06382751464844	0.5390369892120361	0.47018373012542725	1.0	2	0.0	0	0.0	0	-0.5013556480407715	0.08831436932086945	0.8607224225997925	0.033526863902807236	0.9960131645202637	-0.08266705274581909	-0.8645915389060974	-0.012588270008563995	-0.5023177266120911
58.26091766357422	11.432852745056152	54.86568832397461	0.5396906733512878	0.4536377489566803	1.0	2	0.0	0	0.0	0	-0.3069829046726227	0.09268147498369217	0.9471915364265442	0.031215662136673927	0.9956502914428711	-0.08778425306081772	-0.9512075185775757	0.0026189463678747416	-0.3085407316684723
58.77140808105469	29.623437881469727	52.44524383544922	0.5796618461608887	0.4544837176799774	1.0	2	0.0	0	0.0	0	-0.3051627278327942	0.26847153902053833	0.9136732220649719	0.08752454072237015	0.9633494019508362	-0.2535693645477295	-0.9482626914978027	0.002588912844657898	-0.31747618317604065
51.59490203857422	28.755643844604492	49.73683166503906	0.5776814818382263	0.4713137447834015	1.0	2	0.0	0	0.0	0	-0.5138397216796875	0.26133492588996887	0.8171125054359436	0.12118273228406906	0.9650322198867798	-0.23243819177150726	-0.8492841124534607	-0.020416051149368286	-0.5275411605834961
75.24510192871094	11.574929237365723	59.195858001708984	0.5398758053779602	0.41591495275497437	1.0	2	0.0	0	0.0	0	-0.17320550978183746	0.09550001472234726	0.9802446365356445	0.01549017895013094	0.995370626449585	-0.09485465288162231	-0.9847655296325684	-0.0012451832881197333	-0.17388303577899933
75.77046966552734	30.00356674194336	56.673370361328125	0.5805246233940125	0.4155530035495758	1.0	2	0.0	0	0.0	0	-0.1542307734489441	0.27667707204818726	0.9485055208206177	0.03894650563597679	0.9620209336280823	-0.2701829969882965	-0.987243115901947	-0.0047295899130403996	-0.15915004909038544
75.61771392822266	37.15179443359375	53.47382354736328	0.5984203219413757	0.41699299216270447	1.0	2	0.0	0	0.0	0	-0.15014275908470154	0.3974629044532776	0.9052515625953674	0.060851287096738815	0.9183229207992554	-0.39112675189971924	-0.9867733120918274	-0.0036391341127455235	-0.16206593811511993
59.855560302734375	36.70338439941406	49.624298095703125	0.5970554947853088	0.4544527530670166	1.0	2	0.0	0	0.0	0	-0.29587453603744507	0.3909718990325928	0.8715499043464661	0.15005555748939514	0.9197883605957031	-0.3625917434692383	-0.9434049129486084	0.023499248549342155	-0.3308095633983612
52.60169219970703	36.80679702758789	46.4893798828125	0.5971241593360901	0.4726897180080414	1.0	2	0.0	0	0.0	0	-0.5052067041397095	0.37641221284866333	0.7765824198722839	0.1760586053133011	0.9231464862823486	-0.34176573157310486	-0.845564067363739	-0.03593917191028595	-0.5326629877090454
51.61006164550781	-24.19583511352539	49.77296829223633	0.4630744159221649	0.4716380536556244	1.0	2	0.0	0	0.0	0	-0.5009993314743042	-0.2702195346355438	0.8221807479858398	-0.13453464210033417	0.962774395942688	0.2344481348991394	-0.8549270629882812	0.006846570409834385	-0.5187032222747803
58.886322021484375	-24.938343048095703	52.495365142822266	0.4609575569629669	0.45479121804237366	1.0	2	0.0	0	0.0	0	-0.2985376715660095	-0.2829715311527252	0.9114837050437927	-0.11754537373781204	0.9585079550743103	0.25970280170440674	-0.9471529722213745	-0.029609620571136475	-0.3194127678871155
58.30278778076172	-6.7518510818481445	54.87635803222656	0.5006462335586548	0.45374560356140137	1.0	2	0.0	0	0.0	0	-0.3050982654094696	-0.09267136454582214	0.9478012323379517	-0.0371883399784565	0.9956543445587158	0.0853792279958725	-0.9515945315361023	-0.009198099374771118	-0.30721867084503174
51.10321044921875	-6.548233985900879	52.06648635864258	0.5012619495391846	0.470384806394577	1.0	2	0.0	0	0.0	0	-0.4986473023891449	-0.08724568039178848	0.8624030947685242	-0.041834037750959396	0.9961845278739929	0.07659106701612473	-0.865794837474823	0.0021141243632882833	-0.5003945827484131
75.89620971679688	-25.285324096679688	56.70459747314453	0.45948177576065063	0.4162793457508087	1.0	2	0.0	0	0.0	0	-0.15371736884117126	-0.28831467032432556	0.9451166987419128	-0.06640643626451492	0.957099437713623	0.2820475697517395	-0.9858895540237427	-0.01940622739493847	-0.16626882553100586
75.28695678710938	-6.8543009757995605	59.20652770996094	0.5001135468482971	0.4160861074924469	1.0	2	0.0	0	0.0	0	-0.1721237748861313	-0.09657753258943558	0.9803296327590942	-0.024798614904284477	0.9953468441963196	0.09311068058013916	-0.9847606420516968	-0.008284256793558598	-0.17371788620948792
75.15962982177734	2.360461950302124	59.67506408691406	0.5199673771858215	0.4160250127315521	1.0	2	0.0	0	0.0	0	-0.1751336306333542	0.00010615225619403645	0.9845447540283203	-0.006504869554191828	0.9999780654907227	-0.0012649205746129155	-0.9845231771469116	-0.006625864189118147	-0.17512908577919006
58.17981719970703	2.340648889541626	55.32429504394531	0.5201693177223206	0.4535612463951111	1.0	2	0.0	0	0.0	0	-0.307318776845932	0.000197810644749552	0.9516066312789917	-0.006287222728133202	0.999977707862854	-0.002238305751234293	-0.9515859484672546	-0.006670837290585041	-0.30731070041656494
51.003814697265625	2.2753829956054688	52.50151824951172	0.5201511979103088	0.47005316615104675	1.0	2	0.0	0	0.0	0	-0.49980428814888	9.85988081083633e-05	0.8661383390426636	-0.004557539708912373	0.999985933303833	-0.0027437603566795588	-0.8661263585090637	-0.005318802781403065	-0.4997967481613159
57.557952880859375	-37.21889114379883	22.995155334472656	0.3512183427810669	0.5588579773902893	1.0	2	0.0	0	0.0	0	-0.30471765995025635	-0.9515103697776794	0.04213244467973709	-0.14246013760566711	0.08927161991596222	0.985766589641571	-0.9417283535003662	0.2943783104419708	-0.16275493800640106
65.75057983398438	-38.49114227294922	25.020971298217773	0.3526687026023865	0.5410727858543396	1.0	2	0.0	0	0.0	0	-0.11876111477613449	-0.9889898896217346	0.0882878452539444	-0.14225289225578308	0.10633211582899094	0.9841024279594421	-0.9826561808586121	0.10431399196386337	-0.15331494808197021
61.56304168701172	-35.912269592285156	42.21949768066406	0.39022698998451233	0.544878363609314	1.0	2	0.0	0	0.0	0	-0.16055749356746674	-0.9478994011878967	0.2751508057117462	-0.11112670600414276	0.2943551242351532	0.9492133259773254	-0.9807507991790771	0.12182670831680298	-0.15259785950183868
53.86479949951172	-34.79106521606445	39.74448013305664	0.3875029683113098	0.5619801878929138	1.0	2	0.0	0	0.0	0	-0.3601575791835785	-0.9073578119277954	0.21676787734031677	-0.08235452324151993	0.2623782157897949	0.9614444971084595	-0.9292493462562561	0.32841968536376953	-0.16922251880168915
82.85811614990234	-39.257633209228516	28.770795822143555	0.3547813296318054	0.5043621063232422	1.0	2	0.0	0	0.0	0	0.014551246538758278	-0.9920945763587952	0.1246466115117073	-0.15669041872024536	0.12186555564403534	0.9801004528999329	-0.9875429272651672	-0.03379262611269951	-0.15367849171161652
78.61530303955078	-36.505855560302734	46.229400634765625	0.3930843472480774	0.5073800086975098	1.0	2	0.0	0	0.0	0	-0.014959270134568214	-0.9474363327026367	0.31959429383277893	-0.1552579700946808	0.31722745299339294	0.9355542659759521	-0.9877625703811646	-0.03562436252832413	-0.15184259414672852
76.76376342773438	-32.69851303100586	53.30604553222656	0.4112447500228882	0.5087850689888	1.0	2	0.0	0	0.0	0	-0.044980164617300034	-0.8844512104988098	0.46445968747138977	-0.14667227864265442	0.46561622619628906	0.8727478384971619	-0.9881629347801208	-0.028867024928331375	-0.1506679803133011
59.73479461669922	-32.22875213623047	49.18650817871094	0.4077085256576538	0.5476975440979004	1.0	2	0.0	0	0.0	0	-0.19412578642368317	-0.8872708678245544	0.41840842366218567	-0.06070096045732498	0.43795064091682434	0.8969473242759705	-0.9790786504745483	0.14872300624847412	-0.13887587189674377
52.33039855957031	-31.256616592407227	46.55479431152344	0.4040842354297638	0.5650140047073364	1.0	2	0.0	0	0.0	0	-0.39515891671180725	-0.8487260937690735	0.35144469141960144	-0.03900543227791786	0.39773938059806824	0.9166689515113831	-0.9177842140197754	0.3485216796398163	-0.1902751922607422
64.59733581542969	-34.78200149536133	-12.097171783447266	0.276096373796463	0.5573140382766724	1.0	2	0.0	0	0.0	0	-0.25389620661735535	-0.9095872640609741	-0.32891926169395447	-0.23036116361618042	-0.27394548058509827	0.9337491989135742	-0.9394324421882629	0.3128456473350525	-0.13997988402843475
71.8069839477539	-35.875999450683594	-11.370803833007812	0.2748108208179474	0.5418545007705688	1.0	2	0.0	0	0.0	0	-0.04395025968551636	-0.9520522952079773	-0.3027622401714325	-0.20987088978290558	-0.28936341404914856	0.933928906917572	-0.9767591953277588	0.10458758473396301	-0.18709078431129456
69.30229187011719	-38.47238540649414	6.164875030517578	0.3124985098838806	0.540115237236023	1.0	2	0.0	0	0.0	0	-0.07449169456958771	-0.9888574481010437	-0.12888769805431366	-0.1756400316953659	-0.114216148853302	0.9778063893318176	-0.9816320538520813	0.09547627717256546	-0.16517478227615356
61.320533752441406	-37.214176177978516	4.7569098472595215	0.3123798072338104	0.5573301315307617	1.0	2	0.0	0	0.0	0	-0.2662787139415741	-0.9502934217453003	-0.16136275231838226	-0.1860514134168625	-0.11307256668806076	0.9760120511054993	-0.94574373960495	0.2899130880832672	-0.14669464528560638
89.01176452636719	-36.46958923339844	-8.078445434570312	0.275138258934021	0.5043354630470276	1.0	2	0.0	0	0.0	0	0.11520526558160782	-0.9503202438354492	-0.2891700565814972	-0.15519537031650543	-0.3047895133495331	0.9396902918815613	-0.9811426401138306	-0.06337940692901611	-0.18259863555431366
86.46061706542969	-39.2388801574707	9.675765991210938	0.313836932182312	0.5034044981002808	1.0	2	0.0	0	0.0	0	0.06216071546077728	-0.9917307496070862	-0.11227787286043167	-0.16266144812107086	-0.12089051306247711	0.9792479872703552	-0.984723687171936	-0.04260747507214546	-0.1688309907913208
85.38763427734375	-39.824607849121094	16.16523551940918	0.3277234435081482	0.5034149289131165	1.0	2	0.0	0	0.0	0	0.0461527556180954	-0.9982272982597351	-0.037581369280815125	-0.16314485669136047	-0.04394902288913727	0.9856228232383728	-0.9855273962020874	-0.03935800865292549	-0.1648840308189392
68.24508666992188	-39.020938873291016	12.580144882202148	0.32614925503730774	0.539985716342926	1.0	2	0.0	0	0.0	0	-0.08984293788671494	-0.9942178130149841	-0.05881534516811371	-0.16802430152893066	-0.043833766132593155	0.9848077893257141	-0.9816918969154358	0.09836046397686005	-0.16311466693878174
60.08277893066406	-37.7230224609375	10.940465927124023	0.3255790174007416	0.5575230121612549	1.0	2	0.0	0	0.0	0	-0.2764565944671631	-0.956280529499054	-0.0953904390335083	-0.17315691709518433	-0.04812145605683327	0.9837179183959961	-0.9453006386756897	0.28847283124923706	-0.15228308737277985
67.52583312988281	-6.546586036682129	-29.019630432128906	0.06376262754201889	0.5259816646575928	1.0	2	0.0	0	0.0	0	-0.16123266518115997	-0.17678874731063843	-0.970953106880188	-0.0045139300636947155	0.9838610291481018	-0.1788773536682129	0.9869065284729004	-0.024458061903715134	-0.15942858159542084
74.51898956298828	-6.745248794555664	-28.990562438964844	0.06338748335838318	0.5404781103134155	1.0	2	0.0	0	0.0	0	0.07384670525789261	-0.19489020109176636	-0.9780411720275879	0.002811640966683626	0.9803940057754517	-0.1970272958278656	0.9972660541534424	0.011799936182796955	0.0729469433426857
